----------------------------------------------------------------------------------

naked stats:

[[nil, 9594], ["naked 3-0", 152], ["naked 4-0", 101], ["tagged 3-0", 54], ["tagged 2-0", 49], ["naked 5-0", 33], ["tagged 4-0", 15], ["naked 6-0", 1], ["tagged 5-0", 1]]

[["naked 3-0", [24, 64, 111, 227, 344, 434, 437, 467, 471, 678, 952, 1001, 1043, 1053, 1336, 1431, 1470, 1518, 1523, 1551, 1577, 1668, 1771, 1785, 1878, 1894, 1945, 1962, 2314, 2362, 2385, 2389, 2392, 2401, 2428, 2516, 2550, 2574, 2850, 2898, 2922, 2961, 3015, 3032, 3087, 3179, 3211, 3244, 3425, 3473, 3748, 3752, 3897, 3963, 4024, 4058, 4082, 4182, 4255, 4272, 4276, 4336, 4382, 4418, 4477, 4478, 4499, 4502, 4506, 4539, 4604, 4621, 4649, 4833, 4904, 4931, 4969, 5032, 5045, 5104, 5138, 5163, 5189, 5213, 5216, 5262, 5350, 5352, 5491, 5651, 5758, 5786, 5801, 5811, 5902, 5908, 6128, 6464, 6481, 6482, 6520, 6607, 6786, 6869, 7067, 7105, 7133, 7243, 7268, 7274, 7295, 7432, 7552, 7666, 7778, 7800, 7888, 7992, 8086, 8147, 8252, 8386, 8396, 8410, 8480, 8552, 8568, 8591, 8716, 8755, 8760, 8813, 8876, 8914, 8924, 9096, 9220, 9264, 9280, 9285, 9314, 9370, 9415, 9430, 9446, 9505, 9520, 9725, 9741, 9959, 9962, 9990]], ["naked 4-0", [48, 120, 184, 191, 199, 280, 393, 584, 640, 845, 850, 944, 1038, 1106, 1209, 1331, 1345, 1375, 2222, 2237, 2306, 2337, 2592, 2740, 2762, 2840, 2937, 2999, 3022, 3052, 3122, 3182, 3183, 3727, 3858, 3988, 4053, 4218, 4578, 4593, 4635, 4757, 4815, 5120, 5251, 5341, 5448, 5546, 5556, 5687, 5932, 5977, 5998, 6023, 6195, 6196, 6355, 6380, 6410, 6457, 6491, 6559, 6937, 7064, 7123, 7179, 7204, 7219, 7281, 7331, 7457, 7508, 7694, 7791, 7865, 7963, 8015, 8026, 8054, 8191, 8220, 8238, 8265, 8298, 8443, 8496, 8691, 8799, 8955, 9020, 9028, 9183, 9252, 9300, 9356, 9359, 9425, 9432, 9546, 9751, 9966]], ["tagged 3-0", [244, 436, 451, 510, 698, 758, 1045, 1080, 1222, 1278, 1319, 1634, 2094, 2171, 2248, 2350, 2518, 2819, 2964, 3627, 3675, 3842, 3940, 4038, 4094, 4461, 4516, 4908, 5107, 5219, 5237, 5416, 5489, 5517, 5587, 6104, 6473, 6595, 6657, 7035, 7131, 7448, 7514, 7548, 7646, 8442, 8571, 8833, 8916, 9189, 9353, 9395, 9397, 9984]], ["tagged 2-0", [118, 182, 224, 294, 570, 653, 883, 887, 1221, 1239, 1268, 1433, 1505, 2331, 2578, 2754, 2776, 3047, 3176, 3560, 3680, 3869, 3871, 4073, 4165, 4309, 4826, 5148, 5450, 6174, 6278, 6663, 6996, 7449, 7621, 7767, 8005, 8017, 8159, 8213, 8478, 8506, 9072, 9098, 9182, 9428, 9495, 9746, 9770]], ["naked 5-0", [148, 961, 1498, 2050, 2128, 2202, 2489, 2854, 3091, 3227, 3375, 3686, 4063, 4660, 4751, 4769, 4807, 5041, 5569, 5617, 6346, 6907, 6933, 7377, 7550, 8209, 8215, 8433, 8866, 9045, 9218, 9225, 9452]], ["tagged 4-0", [411, 631, 632, 2340, 3984, 4717, 4765, 5656, 5798, 5825, 6916, 7237, 7441, 7518, 8081]], ["naked 6-0", [1855]], ["tagged 5-0", [5280]]]
----------------------------------------------------------------------------------

naked stats2:

[[nil, 9594], ["naked plain", 226], ["tagged plain", 89], ["naked snout-match", 50], ["tagged snout-match", 22], ["naked snoutless", 11], ["tagged snoutless", 8]]

[["naked plain", [24, 48, 64, 111, 120, 148, 191, 227, 344, 393, 434, 437, 467, 471, 584, 678, 944, 952, 961, 1001, 1043, 1053, 1106, 1209, 1331, 1336, 1345, 1375, 1431, 1498, 1518, 1523, 1551, 1577, 1668, 1771, 1785, 1878, 1894, 1945, 1962, 2202, 2222, 2237, 2306, 2314, 2337, 2362, 2385, 2389, 2392, 2401, 2428, 2550, 2574, 2740, 2762, 2840, 2850, 2898, 2922, 2937, 2961, 2999, 3015, 3022, 3032, 3052, 3087, 3091, 3179, 3183, 3211, 3375, 3425, 3748, 3752, 3858, 3897, 3963, 3988, 4024, 4053, 4058, 4063, 4082, 4182, 4218, 4255, 4272, 4336, 4382, 4418, 4477, 4499, 4502, 4506, 4539, 4593, 4604, 4621, 4635, 4649, 4660, 4751, 4757, 4815, 4833, 4904, 4931, 4969, 5032, 5045, 5104, 5120, 5138, 5163, 5189, 5213, 5216, 5251, 5262, 5341, 5350, 5352, 5448, 5491, 5546, 5651, 5786, 5801, 5811, 5902, 5908, 5932, 5977, 5998, 6023, 6128, 6195, 6196, 6346, 6380, 6410, 6457, 6464, 6481, 6482, 6491, 6520, 6607, 6786, 6869, 6937, 7064, 7067, 7105, 7123, 7133, 7179, 7243, 7274, 7281, 7295, 7432, 7457, 7552, 7666, 7694, 7778, 7800, 7865, 7888, 7963, 7992, 8026, 8054, 8086, 8147, 8191, 8215, 8238, 8252, 8298, 8386, 8410, 8433, 8480, 8496, 8552, 8568, 8591, 8691, 8755, 8760, 8799, 8813, 8866, 8876, 8914, 8924, 8955, 9028, 9045, 9096, 9218, 9220, 9252, 9280, 9285, 9314, 9356, 9359, 9370, 9415, 9425, 9430, 9446, 9505, 9520, 9725, 9741, 9959, 9962, 9966, 9990]], ["tagged plain", [182, 224, 294, 436, 451, 570, 698, 758, 883, 887, 1045, 1080, 1221, 1222, 1239, 1268, 1319, 1433, 1505, 1634, 2094, 2248, 2331, 2340, 2350, 2518, 2578, 2754, 2776, 3047, 3560, 3675, 3680, 3869, 3871, 3984, 4038, 4073, 4165, 4309, 4461, 4516, 4717, 4765, 4908, 5107, 5148, 5219, 5237, 5416, 5450, 5489, 5517, 5587, 5798, 6104, 6174, 6278, 6595, 6657, 6663, 6996, 7035, 7131, 7441, 7449, 7518, 7621, 7646, 7767, 8005, 8081, 8159, 8442, 8478, 8506, 8571, 8833, 9072, 9098, 9182, 9189, 9353, 9395, 9397, 9428, 9495, 9746, 9770]], ["naked snout-match", [184, 199, 280, 640, 845, 850, 1038, 1855, 2050, 2128, 2516, 2592, 3122, 3182, 3244, 3473, 3686, 3727, 4276, 4578, 5041, 5556, 5569, 5617, 5687, 6355, 6907, 6933, 7204, 7219, 7331, 7377, 7508, 7550, 7791, 8015, 8220, 8265, 8396, 8443, 8716, 9020, 9183, 9225, 9264, 9300, 9432, 9452, 9546, 9751]], ["tagged snout-match", [244, 411, 510, 632, 1278, 2171, 2964, 3627, 3842, 3940, 4094, 4826, 5280, 5656, 5825, 6473, 7237, 7448, 7514, 7548, 8213, 9984]], ["naked snoutless", [1470, 2489, 2854, 3227, 4478, 4769, 4807, 5758, 6559, 7268, 8209]], ["tagged snoutless", [118, 631, 653, 2819, 3176, 6916, 8017, 8916]]]
----------------------------------------------------------------------------------

clothes and hat matches:

[["N/A", 3710], ["4-color", 2967], ["3-color", 2907], ["2-color w/ matching solid color hat", 179], ["color-match", 162], ["reverse color-match", 75]]

[["2-color w/ matching solid color hat", [94, 116, 133, 183, 213, 268, 417, 426, 579, 639, 658, 745, 770, 774, 799, 808, 820, 863, 909, 989, 1002, 1121, 1134, 1139, 1390, 1415, 1424, 1586, 1693, 1714, 2047, 2096, 2109, 2151, 2168, 2198, 2200, 2253, 2297, 2427, 2429, 2525, 2584, 2682, 2706, 2761, 2880, 2899, 2919, 3004, 3007, 3031, 3114, 3137, 3139, 3145, 3229, 3251, 3268, 3269, 3475, 3591, 3593, 3779, 3818, 3873, 3960, 4022, 4040, 4083, 4185, 4200, 4206, 4239, 4271, 4409, 4423, 4441, 4517, 4521, 4575, 4654, 4710, 4781, 4903, 4959, 4996, 5071, 5078, 5081, 5203, 5225, 5285, 5292, 5325, 5330, 5429, 5430, 5476, 5496, 5498, 5568, 5670, 5711, 5726, 5728, 5762, 5806, 5867, 5879, 5883, 5915, 5974, 6004, 6022, 6065, 6067, 6117, 6200, 6204, 6214, 6272, 6316, 6319, 6384, 6543, 6618, 6731, 6821, 6833, 6875, 7047, 7215, 7255, 7339, 7361, 7366, 7381, 7492, 7515, 7625, 7701, 7773, 7819, 7887, 7903, 7970, 8088, 8125, 8150, 8221, 8231, 8319, 8335, 8419, 8425, 8468, 8564, 8572, 8772, 8781, 8859, 8963, 9023, 9051, 9087, 9125, 9145, 9162, 9244, 9293, 9306, 9714, 9759, 9886, 9913, 9915, 9950, 9986]], ["color-match", [43, 99, 234, 246, 275, 292, 455, 549, 559, 687, 838, 867, 908, 937, 960, 964, 969, 1015, 1046, 1137, 1157, 1202, 1234, 1247, 1379, 1466, 1478, 1511, 1561, 1652, 1732, 1740, 1838, 1854, 1886, 1970, 2017, 2199, 2322, 2477, 2493, 2520, 2571, 2590, 2622, 2651, 2737, 2796, 2829, 2868, 3082, 3111, 3120, 3130, 3174, 3468, 3502, 3506, 3574, 3661, 3719, 3751, 3765, 3800, 4112, 4263, 4264, 4282, 4401, 4724, 4824, 4911, 4954, 5128, 5185, 5210, 5221, 5410, 5463, 5464, 5472, 5506, 5515, 5550, 5641, 5803, 5848, 5898, 6026, 6027, 6079, 6080, 6154, 6168, 6238, 6265, 6427, 6480, 6578, 6586, 6632, 6716, 6732, 6838, 6894, 6917, 7013, 7034, 7041, 7049, 7140, 7221, 7276, 7313, 7332, 7435, 7476, 7488, 7626, 7675, 7724, 7790, 7828, 7866, 7950, 7977, 8038, 8043, 8287, 8312, 8326, 8351, 8387, 8403, 8483, 8561, 8645, 8907, 8984, 9007, 9044, 9066, 9085, 9135, 9251, 9254, 9258, 9271, 9301, 9323, 9333, 9362, 9665, 9695, 9704, 9730, 9768, 9834, 9868, 9883, 9926, 9979]], ["reverse color-match", [16, 463, 511, 536, 723, 852, 914, 919, 983, 1042, 1254, 1382, 1418, 1539, 1593, 1721, 1831, 1919, 2028, 2064, 2132, 2359, 2632, 2807, 3021, 3170, 3387, 3389, 3584, 3701, 3821, 3926, 4011, 4035, 4503, 4613, 4622, 4659, 4847, 4898, 5069, 5393, 5759, 5878, 5894, 5900, 5903, 6115, 6157, 6258, 6700, 6710, 6820, 7040, 7480, 7687, 7820, 7829, 7896, 8063, 8090, 8466, 8635, 8834, 8887, 9176, 9197, 9399, 9548, 9621, 9644, 9739, 9797, 9904, 9933]]]
----------------------------------------------------------------------------------

monkeys with 0 value traits:

[[2, 3478], [1, 3343], [3, 1742], [0, 927], [4, 448], [5, 61], [6, 1]]

[[5, [36, 148, 377, 505, 739, 961, 1117, 1273, 1446, 1498, 1605, 1808, 2050, 2128, 2202, 2328, 2489, 2854, 2924, 3040, 3091, 3227, 3375, 3686, 4063, 4088, 4115, 4513, 4660, 4751, 4769, 4807, 4893, 5041, 5063, 5280, 5324, 5569, 5617, 5812, 5897, 6222, 6346, 6386, 6907, 6933, 7377, 7550, 7588, 8209, 8215, 8433, 8844, 8866, 9045, 9118, 9218, 9225, 9374, 9440, 9452]], [6, [1855]]]
----------------------------------------------------------------------------------

[["regular", 7525], ["snout-match", 1768], ["snoutless", 707]]
snoutless count for each fur type
[[0, 353], [4, 133], [6, 41], [7, 64], [8, 43], [9, 44], [13, 19], [14, 9], [18, 1]]
snoutless count for each fur/mouth combo
[["0_0", 312], ["0_10", 26], ["0_18", 15], ["13_14", 6], ["13_17", 3], ["13_27", 1], ["13_6", 9], ["14_28", 1], ["14_7", 8], ["18_24", 1], ["4_1", 106], ["4_20", 9], ["4_30", 1], ["4_9", 17], ["6_11", 9], ["6_2", 26], ["6_21", 3], ["6_25", 3], ["7_12", 20], ["7_22", 7], ["7_26", 3], ["7_3", 34], ["8_13", 11], ["8_23", 7], ["8_29", 2], ["8_4", 23], ["9_15", 10], ["9_16", 10], ["9_31", 1], ["9_5", 23]]
----------------------------------------------------------------------------------

poker hands:

[["1 pair", 3661], ["2 pair", 1905], ["3 of a kind", 1522], ["no poker hand", 1501], ["3-2 full house", 701], ["4 of a kind", 404], ["straight 5 in a row", 115], ["4-2 full house", 78], ["5 of a kind", 62], ["3-3 full house", 32], ["straight 6 in a row", 12], ["4-3 full house", 3], ["5-2 full house", 3], ["6 of a kind", 1]]

[["straight 5 in a row", [4, 33, 77, 283, 341, 348, 356, 422, 641, 728, 832, 875, 954, 1143, 1307, 1401, 1405, 1474, 1523, 1694, 2031, 2077, 2160, 2288, 2318, 2333, 2380, 2391, 2395, 2583, 2734, 2748, 3289, 3340, 3393, 3488, 3550, 3551, 3554, 3560, 3592, 3598, 3619, 3759, 3819, 3886, 3887, 4111, 4124, 4240, 4261, 4297, 4318, 4518, 4519, 4520, 4680, 4689, 4705, 4767, 4829, 4845, 5042, 5311, 5540, 5599, 5744, 5852, 5855, 5861, 5901, 6017, 6088, 6130, 6243, 6332, 6454, 6528, 6721, 6914, 7124, 7136, 7161, 7209, 7706, 7827, 7914, 8059, 8087, 8150, 8157, 8276, 8374, 8524, 8532, 8669, 8777, 8886, 8943, 9030, 9044, 9055, 9235, 9239, 9346, 9361, 9387, 9417, 9464, 9691, 9704, 9765, 9789, 9834, 9957]], ["4-2 full house", [1, 121, 464, 716, 892, 1031, 1038, 1189, 1219, 1345, 1515, 1633, 1931, 2117, 2156, 2276, 2332, 2629, 2999, 3182, 3401, 3478, 3513, 3984, 4025, 4072, 4204, 4294, 4403, 4593, 4802, 4815, 4837, 4870, 4928, 5405, 5592, 5798, 5825, 5920, 5932, 5966, 6023, 6069, 6134, 6188, 6195, 6457, 6623, 6690, 6819, 7123, 7164, 7219, 7281, 7348, 7477, 7508, 7626, 7711, 7815, 8015, 8081, 8130, 8166, 8191, 8438, 8443, 8613, 8678, 8691, 8750, 8799, 9149, 9177, 9198, 9432, 9632]], ["5 of a kind", [36, 88, 148, 377, 505, 739, 961, 1117, 1273, 1446, 1498, 1605, 1808, 2050, 2128, 2202, 2328, 2489, 2854, 2924, 3040, 3091, 3375, 3581, 3686, 4063, 4088, 4115, 4513, 4660, 4751, 4769, 4807, 4893, 5041, 5063, 5280, 5324, 5569, 5617, 5812, 5897, 6222, 6346, 6386, 6907, 6933, 7377, 7447, 7550, 7588, 8209, 8433, 8844, 8866, 9045, 9118, 9225, 9365, 9374, 9440, 9452]], ["3-3 full house", [324, 467, 657, 1119, 1577, 2084, 2146, 2562, 2943, 3796, 4703, 4904, 4913, 5290, 5489, 5491, 5587, 6234, 6473, 7159, 7930, 8019, 8049, 8226, 8376, 8383, 8413, 8722, 8911, 8953, 9390, 9883]], ["straight 6 in a row", [216, 269, 454, 577, 1192, 2791, 4325, 7073, 7542, 8778, 9510, 9879]], ["4-3 full house", [2613, 6595, 6936]], ["5-2 full house", [3227, 8215, 9218]], ["6 of a kind", [1855]]]
----------------------------------------------------------------------------------

twins and triplets, monkeys are the same expect for the background:

[["twins", 56], ["triplets", 6]]

{"twins"=>[["5,0,0,5,0,0", [121, 2117]], ["5,2,0,3,2,0", [138, 6962]], ["23,9,0,1,0,5", [661, 5192]], ["0,1,0,6,0,0", [1038, 6355]], ["0,1,0,0,2,5", [1045, 4717]], ["6,1,0,1,0,1", [1633, 4972]], ["0,2,0,4,0,4", [1878, 4833]], ["0,13,4,8,0,0", [2079, 3430]], ["30,9,0,9,0,0", [2148, 5907]], ["0,0,5,0,0,1", [2156, 7636]], ["0,2,0,1,0,4", [2237, 2401]], ["0,10,0,0,0,5", [3022, 3375]], ["0,0,0,7,0,0", [3227, 4769]], ["0,0,18,1,0,0", [3248, 7557]], ["10,1,7,1,0,1", [3718, 7494]], ["0,12,3,7,0,0", [3790, 4212]], ["0,6,6,1,4,0", [4191, 9298]], ["0,1,4,1,1,1", [4245, 7732]], ["15,1,0,12,0,1", [4321, 6111]], ["0,4,7,6,0,0", [4353, 5537]], ["2,4,17,2,0,3", [4366, 7490]], ["23,1,0,7,0,1", [5447, 6466]], ["0,5,0,1,0,5", [5491, 9446]], ["0,5,31,3,0,1", [5719, 6275]], ["0,2,0,0,0,2", [5932, 9218]], ["0,7,0,0,0,2", [5998, 8691]], ["1,2,0,0,0,0", [6819, 9238]], ["13,7,0,4,0,1", [7132, 8704]]], "triplets"=>[["0,2,0,0,0,0", [2128, 5041, 5569]], ["0,0,0,3,0,0", [2489, 2854, 8209]]]}
----------------------------------------------------------------------------------

nips stats:

[["covered", 8123], ["magic monk", 1471], ["naked", 287], ["tagged", 119]]

[["naked", [24, 48, 64, 111, 120, 148, 184, 191, 199, 227, 280, 344, 393, 434, 437, 467, 471, 584, 640, 678, 845, 850, 944, 952, 961, 1001, 1038, 1043, 1053, 1106, 1209, 1331, 1336, 1345, 1375, 1431, 1470, 1498, 1518, 1523, 1551, 1577, 1668, 1771, 1785, 1855, 1878, 1894, 1945, 1962, 2050, 2128, 2202, 2222, 2237, 2306, 2314, 2337, 2362, 2385, 2389, 2392, 2401, 2428, 2489, 2516, 2550, 2574, 2592, 2740, 2762, 2840, 2850, 2854, 2898, 2922, 2937, 2961, 2999, 3015, 3022, 3032, 3052, 3087, 3091, 3122, 3179, 3182, 3183, 3211, 3227, 3244, 3375, 3425, 3473, 3686, 3727, 3748, 3752, 3858, 3897, 3963, 3988, 4024, 4053, 4058, 4063, 4082, 4182, 4218, 4255, 4272, 4276, 4336, 4382, 4418, 4477, 4478, 4499, 4502, 4506, 4539, 4578, 4593, 4604, 4621, 4635, 4649, 4660, 4751, 4757, 4769, 4807, 4815, 4833, 4904, 4931, 4969, 5032, 5041, 5045, 5104, 5120, 5138, 5163, 5189, 5213, 5216, 5251, 5262, 5341, 5350, 5352, 5448, 5491, 5546, 5556, 5569, 5617, 5651, 5687, 5758, 5786, 5801, 5811, 5902, 5908, 5932, 5977, 5998, 6023, 6128, 6195, 6196, 6346, 6355, 6380, 6410, 6457, 6464, 6481, 6482, 6491, 6520, 6559, 6607, 6786, 6869, 6907, 6933, 6937, 7064, 7067, 7105, 7123, 7133, 7179, 7204, 7219, 7243, 7268, 7274, 7281, 7295, 7331, 7377, 7432, 7457, 7508, 7550, 7552, 7666, 7694, 7778, 7791, 7800, 7865, 7888, 7963, 7992, 8015, 8026, 8054, 8086, 8147, 8191, 8209, 8215, 8220, 8238, 8252, 8265, 8298, 8386, 8396, 8410, 8433, 8443, 8480, 8496, 8552, 8568, 8591, 8691, 8716, 8755, 8760, 8799, 8813, 8866, 8876, 8914, 8924, 8955, 9020, 9028, 9045, 9096, 9183, 9218, 9220, 9225, 9252, 9264, 9280, 9285, 9300, 9314, 9356, 9359, 9370, 9415, 9425, 9430, 9432, 9446, 9452, 9505, 9520, 9546, 9725, 9741, 9751, 9959, 9962, 9966, 9990]], ["tagged", [118, 182, 224, 244, 294, 411, 436, 451, 510, 570, 631, 632, 653, 698, 758, 883, 887, 1045, 1080, 1221, 1222, 1239, 1268, 1278, 1319, 1433, 1505, 1634, 2094, 2171, 2248, 2331, 2340, 2350, 2518, 2578, 2754, 2776, 2819, 2964, 3047, 3176, 3560, 3627, 3675, 3680, 3842, 3869, 3871, 3940, 3984, 4038, 4073, 4094, 4165, 4309, 4461, 4516, 4717, 4765, 4826, 4908, 5107, 5148, 5219, 5237, 5280, 5416, 5450, 5489, 5517, 5587, 5656, 5798, 5825, 6104, 6174, 6278, 6473, 6595, 6657, 6663, 6916, 6996, 7035, 7131, 7237, 7441, 7448, 7449, 7514, 7518, 7548, 7621, 7646, 7767, 8005, 8017, 8081, 8159, 8213, 8442, 8478, 8506, 8571, 8833, 8916, 9072, 9098, 9182, 9189, 9353, 9395, 9397, 9428, 9495, 9746, 9770, 9984]]]

